SiO2 Density=2.65
 Energy(eV), Delta, Beta
  1000.  0.000538840599  8.38538472E-05
  1005.08417  0.000533456914  8.22906659E-05
  1010.19409  0.000528124976  8.07565375E-05
  1015.33008  0.00052284624  7.92510327E-05
  1020.49207  0.00051760755  7.77816967E-05
  1025.68042  0.000512417289  7.6340395E-05
  1030.89514  0.000507279008  7.49258907E-05
  1036.13623  0.000502186595  7.35331778E-05
  1041.40417  0.000497139699  7.21647957E-05
  1046.69873  0.000492143736  7.08219377E-05
  1052.02026  0.00048718779  6.95004273E-05
  1057.3689  0.000482268661  6.82007376E-05
  1062.74463  0.000477399299  6.69254514E-05
  1068.14783  0.000472573476  6.56738921E-05
  1073.57837  0.000467781414  6.44457104E-05
  1079.03662  0.00046303749  6.32404845E-05
  1084.52246  0.000458339258  6.20578357E-05
  1090.03638  0.000453671848  6.09064336E-05
  1095.57825  0.000449050101  5.97787221E-05
  1101.14819  0.000444474717  5.86718998E-05
  1106.7467  0.000439941068  5.7590405E-05
  1112.37341  0.000435456255  5.65316877E-05
  1118.02893  0.00043101699  5.54924045E-05
  1123.71313  0.000426615821  5.4472388E-05
  1129.42627  0.000422259269  5.34709943E-05
  1135.16833  0.000417947362  5.2488067E-05
  1140.9397  0.000413673464  5.15232277E-05
  1146.74036  0.000409440487  5.05761236E-05
  1152.57043  0.000405250903  4.96464345E-05
  1158.4303  0.000401099882  4.87336765E-05
  1164.31982  0.000396986929  4.78376314E-05
  1170.2395  0.000392915972  4.69580009E-05
  1176.18909  0.000388884451  4.60945957E-05
  1182.16895  0.000384888932  4.52469831E-05
  1188.1792  0.000380934362  4.44149664E-05
  1194.22009  0.000377019081  4.35982438E-05
  1200.29163  0.000373137358  4.27963387E-05
  1206.39404  0.000369294838  4.20090983E-05
  1212.52747  0.000365491549  4.12363734E-05
  1218.69214  0.000361721235  4.04777384E-05
  1224.88806  0.000357988523  3.97330114E-05
  1231.1156  0.000354294258  3.90019813E-05
  1237.37476  0.00035063317  3.82828184E-05
  1243.66565  0.000347007619  3.75768032E-05
  1249.98865  0.000343419437  3.68837646E-05
  1256.34375  0.000339864229  3.62021237E-05
  1262.7312  0.000336341996  3.55326702E-05
  1269.151  0.000332856318  3.48756002E-05
  1275.60352  0.000329402421  3.42291642E-05
  1282.08887  0.000325978122  3.35936747E-05
  1288.60718  0.000322589447  3.29700197E-05
  1295.15857  0.000319233892  3.23579625E-05
  1301.74329  0.000315904734  3.17566992E-05
  1308.36157  0.00031261018  3.11665972E-05
  1315.01343  0.00030934895  3.05874782E-05
  1321.6991  0.000306113943  3.00191423E-05
  1328.4187  0.000302911707  2.94613365E-05
  1335.17261  0.000299742504  2.89139116E-05
  1341.96082  0.000296599348  2.83765712E-05
  1348.78345  0.000293487014  2.78491934E-05
  1355.64087  0.000290407246  2.73316182E-05
  1362.53308  0.000287353556  2.68238091E-05
  1369.46033  0.000284328184  2.63254642E-05
  1376.42285  0.000281334505  2.5836347E-05
  1383.42065  0.000278367894  2.53562393E-05
  1390.45422  0.000275426544  2.48848974E-05
  1397.52356  0.000272516219  2.44223174E-05
  1404.62866  0.000269633747  2.39682213E-05
  1411.77002  0.000266773539  2.35223742E-05
  1418.94763  0.000263943599  2.308484E-05
  1426.16162  0.00026114285  2.26555167E-05
  1433.41248  0.000258361077  2.22341423E-05
  1440.70007  0.000255608873  2.18206114E-05
  1448.02478  0.000252885715  2.14146366E-05
  1455.3866  0.000250181649  2.10158942E-05
  1462.78613  0.000247504533  2.06245495E-05
  1470.22302  0.00024485591  2.0240408E-05
  1477.69788  0.000242225738  1.98626749E-05
  1485.21057  0.000239619767  1.94919794E-05
  1492.7616  0.000237041633  1.91281979E-05
  1500.35095  0.000234482213  1.87677288E-05
  1507.97888  0.000231943341  1.84131259E-05
  1515.64563  0.000229431826  1.80652059E-05
  1523.35144  0.0002269385  1.77236088E-05
  1531.09631  0.000224460047  1.73883345E-05
  1538.88062  0.00022200853  1.70594085E-05
  1546.70447  0.000219578476  1.67367816E-05
  1554.56799  0.000217157489  1.64202338E-05
  1562.47168  0.000214762927  1.61096577E-05
  1570.41553  0.000212393235  1.5804877E-05
  1578.39966  0.000210025028  1.5505786E-05
  1586.42432  0.000207682984  1.52123594E-05
  1594.48999  0.000205366377  1.49244797E-05
  1602.59656  0.000203048796  1.46420452E-05
  1610.74438  0.000200753057  1.43649404E-05
  1618.93359  0.000198482885  1.40931033E-05
  1627.16431  0.000196211084  1.38264459E-05
  1635.43713  0.000193953747  1.35648279E-05
  1643.75183  0.000191722065  1.3308163E-05
  1652.10889  0.000189488739  1.30562894E-05
  1660.50842  0.000187258644  1.28091724E-05
  1668.95056  0.00018505429  1.25667466E-05
  1677.43579  0.000182850039  1.23289019E-05
  1685.96399  0.000180630275  1.2095561E-05
  1694.53577  0.000178436647  1.18666348E-05
  1703.15088  0.000176248868  1.16420406E-05
  1711.80981  0.000174012865  1.14217E-05
  1720.51294  0.000171803942  1.12055159E-05
  1729.26025  0.000169614868  1.09929351E-05
  1738.052  0.000167308521  1.07829337E-05
  1746.88855  0.000165031466  1.05769441E-05
  1755.7699  0.000162783006  1.03747943E-05
  1764.69641  0.000160314914  1.0176137E-05
  1773.66833  0.000157847229  9.98125415E-06
  1782.68591  0.000155412956  9.79007837E-06
  1791.74927  0.000152490087  9.60226225E-06
  1800.85876  0.000149407511  9.41800045E-06
  1810.01453  0.000146371633  9.23727657E-06
  1819.2168  0.000137544572  9.05999696E-06
  1828.46594  0.00012225614  8.88612158E-06
  1837.76208  0.000107260967  8.71557586E-06
  1847.10547  0.000135177019  2.87731855E-05
  1856.49646  0.000137057534  2.8269169E-05
  1865.93506  0.000138048723  2.77740019E-05
  1875.42163  0.000138515039  2.72875259E-05
  1884.95654  0.000138957737  2.68095882E-05
  1894.53979  0.000138986696  2.63399888E-05
  1904.172  0.000138554969  2.58786022E-05
  1913.85303  0.00013811767  2.54253246E-05
  1923.58325  0.000137587034  2.49799905E-05
  1933.36292  0.000136850504  2.45424399E-05
  1943.19238  0.000136114671  2.41125726E-05
  1953.07178  0.000135359369  2.36902506E-05
  1963.00146  0.000134477872  2.32753009E-05
  1972.98157  0.000133600115  2.28676581E-05
  1983.01245  0.000132726374  2.24671658E-05
  1993.09436  0.000131769993  2.20729507E-05
  2003.22742  0.000130817076  2.16862063E-05
  2013.41223  0.00012986995  2.13062322E-05
  2023.64856  0.000128880507  2.09322807E-05
  2033.93701  0.000127886713  2.05640172E-05
  2044.27795  0.000126899875  2.02021147E-05
  2054.67114  0.00012589265  1.98464495E-05
  2065.11743  0.000124877683  1.94969034E-05
  2075.6167  0.000123870268  1.91535019E-05
  2086.16919  0.000122855112  1.8814284E-05
  2096.77588  0.000121831232  1.84790279E-05
  2107.43604  0.000120815443  1.81497435E-05
  2118.15039  0.000119799588  1.7826118E-05
  2128.91943  0.000118774427  1.75078021E-05
  2139.74316  0.000117757678  1.71951378E-05
  2150.62158  0.000116746196  1.68879706E-05
  2161.55566  0.000115725787  1.65855763E-05
  2172.54541  0.000114713985  1.62885572E-05
  2183.59082  0.000113710856  1.59968695E-05
  2194.69238  0.000112700007  1.57094546E-05
  2205.85059  0.000111697707  1.54271347E-05
  2217.06543  0.00011070419  1.51498907E-05
  2228.33716  0.000109708089  1.48772942E-05
  2239.66626  0.000108718457  1.46094972E-05
  2251.05298  0.000107737607  1.43465177E-05
  2262.49756  0.000106757929  1.40877946E-05
  2274.00049  0.000105783176  1.38334535E-05
  2285.56177  0.000104817205  1.35836935E-05
  2297.18188  0.000103855324  1.33381072E-05
  2308.86108  0.000102897517  1.30966237E-05
  2320.59961  0.000101948463  1.28594993E-05
  2332.39771  0.000101005258  1.26265431E-05
  2344.25586  0.000100065081  1.23975396E-05
  2356.17432  9.91335837E-05  1.21726698E-05
  2368.15332  9.82094789E-05  1.19517608E-05
  2380.19312  9.72880953E-05  1.17342825E-05
  2392.29468  9.63752827E-05  1.1520714E-05
  2404.45728  9.54709758E-05  1.13110482E-05
  2416.68188  9.45688953E-05  1.11048939E-05
  2428.96851  9.36752986E-05  1.09024577E-05
  2441.31763  9.27901128E-05  1.07037158E-05
  2453.72974  9.19087106E-05  1.05081781E-05
  2466.20459  9.10348172E-05  1.03161337E-05
  2478.74316  9.01691892E-05  1.01275982E-05
  2491.34546  8.9308538E-05  9.94225138E-06
  2504.01172  8.8454588E-05  9.76013143E-06
  2516.74219  8.76088016E-05  9.58133569E-06
  2529.5376  8.6768945E-05  9.4057059E-06
  2542.39819  8.5935113E-05  9.23317657E-06
  2555.32397  8.51092846E-05  9.06381229E-06
  2568.31567  8.42900845E-05  8.89738476E-06
  2581.37329  8.34763705E-05  8.73369027E-06
  2594.49731  8.26705073E-05  8.57298801E-06
  2607.68799  8.18717672E-05  8.41520705E-06
  2620.9458  8.10779238E-05  8.26015184E-06
  2634.271  8.02918075E-05  8.10793972E-06
  2647.66406  7.95132291E-05  7.95852793E-06
  2661.125  7.87394019E-05  7.81167637E-06
  2674.65454  7.79731054E-05  7.66750145E-06
  2688.25269  7.72142666E-05  7.5259909E-06
  2701.91992  7.64605575E-05  7.38672406E-06
  2715.65698  7.5713855E-05  7.24994061E-06
  2729.46387  7.49744577E-05  7.11569601E-06
  2743.34082  7.42406119E-05  6.98385566E-06
  2757.28833  7.35132489E-05  6.85440637E-06
  2771.3064  7.27930455E-05  6.72735496E-06
  2785.396  7.20787284E-05  6.60256001E-06
  2799.55737  7.13704212E-05  6.47997467E-06
  2813.79077  7.06690989E-05  6.35966217E-06
  2828.09644  6.99739612E-05  6.24149743E-06
  2842.47461  6.92845133E-05  6.1253686E-06
  2856.92627  6.86018611E-05  6.01138117E-06
  2871.45117  6.79255827E-05  5.89948331E-06
  2886.05005  6.72545866E-05  5.78955814E-06
  2900.7229  6.65902771E-05  5.68165979E-06
  2915.4707  6.59324432E-05  5.57576323E-06
  2930.29321  6.52795716E-05  5.47162699E-06
  2945.19116  6.46331755E-05  5.36941297E-06
  2960.16479  6.39931895E-05  5.2691089E-06
  2975.2146  6.33583841E-05  5.17059698E-06
  2990.34106  6.27297559E-05  5.07391678E-06
  3005.54419  6.2107385E-05  4.97903739E-06
  3020.82495  6.14902528E-05  4.88582646E-06
  3036.18311  6.08789524E-05  4.79430537E-06
  3051.61938  6.02737346E-05  4.70448413E-06
  3067.13403  5.96738937E-05  4.61627405E-06
  3082.72803  5.90795171E-05  4.52963013E-06
  3098.40088  5.84910813E-05  4.44461193E-06
  3114.15332  5.79081097E-05  4.36115761E-06
  3129.98608  5.73302932E-05  4.27922123E-06
  3145.89941  5.67582538E-05  4.19881826E-06
  3161.89355  5.61917113E-05  4.11988776E-06
  3177.96899  5.56300874E-05  4.04232514E-06
  3194.12622  5.50741097E-05  3.96620089E-06
  3210.36548  5.45236544E-05  3.89151455E-06
  3226.6875  5.39779539E-05  3.81815062E-06
  3243.09204  5.34377614E-05  3.74615729E-06
  3259.58032  5.29029639E-05  3.67552798E-06
  3276.15259  5.23728413E-05  3.60616355E-06
  3292.80884  5.18480083E-05  3.53808559E-06
  3309.5498  5.13284358E-05  3.47128639E-06
  3326.37598  5.08134981E-05  3.40565293E-06
  3343.2876  5.03035371E-05  3.34122342E-06
  3360.2854  4.97986985E-05  3.27800512E-06
  3377.36938  4.92985891E-05  3.21596849E-06
  3394.54053  4.88032674E-05  3.15507305E-06
  3411.79883  4.83129479E-05  3.09532948E-06
  3429.14453  4.78273323E-05  3.03668162E-06
  3446.5791  4.73462387E-05  2.97909105E-06
  3464.10181  4.68700237E-05  2.92258801E-06
  3481.71362  4.63984761E-05  2.86713544E-06
  3499.41504  4.5931276E-05  2.81268171E-06
  3517.20654  4.54688015E-05  2.75924413E-06
  3535.08838  4.50109546E-05  2.70682517E-06
  3553.06128  4.45572914E-05  2.65536414E-06
  3571.12524  4.41082593E-05  2.60486831E-06
  3589.28125  4.36637456E-05  2.55533746E-06
  3607.52954  4.32233101E-05  2.5066654E-06
  3625.87085  4.27873056E-05  2.45889373E-06
  3644.30518  4.2355703E-05  2.41202861E-06
  3662.83325  4.19281641E-05  2.36603137E-06
  3681.45557  4.15048562E-05  2.32090133E-06
  3700.17236  4.10858338E-05  2.27662781E-06
  3718.98462  4.06708132E-05  2.23318216E-06
  3737.89233  4.02598635E-05  2.19054027E-06
  3756.89624  3.98530865E-05  2.14871216E-06
  3775.99658  3.94502786E-05  2.10765188E-06
  3795.19434  3.90513705E-05  2.06732943E-06
  3814.4895  3.86565189E-05  2.0277721E-06
  3833.88306  3.82655817E-05  1.98896373E-06
  3853.375  3.78784061E-05  1.95088501E-06
  3872.96582  3.74951887E-05  1.91352478E-06
  3892.65649  3.71158094E-05  1.87687942E-06
  3912.44727  3.67399953E-05  1.84089004E-06
  3932.33838  3.63680119E-05  1.80557834E-06
  3952.33105  3.59997903E-05  1.77094728E-06
  3972.42529  3.56350938E-05  1.73694787E-06
  3992.62134  3.52741044E-05  1.70358055E-06
  4012.92041  3.49167567E-05  1.67085045E-06
  4033.32227  3.45628869E-05  1.63873733E-06
  4053.82812  3.42125568E-05  1.60723766E-06
  4074.43848  3.3865781E-05  1.57634452E-06
  4095.15332  3.35223995E-05  1.54602253E-06
  4115.97412  3.31824303E-05  1.51626045E-06
  4136.8999  3.28459355E-05  1.48707363E-06
  4157.93213  3.25127621E-05  1.45844092E-06
  4179.07178  3.21828556E-05  1.4303514E-06
  4200.31885  3.18563216E-05  1.40280474E-06
  4221.67334  3.1533069E-05  1.37578024E-06
  4243.13672  3.12130069E-05  1.34925995E-06
  4264.70947  3.0896208E-05  1.32324533E-06
  4286.39209  3.0582607E-05  1.29773161E-06
  4308.18457  3.02720528E-05  1.27268333E-06
  4330.08789  2.99646817E-05  1.24811697E-06
  4352.10205  2.96604412E-05  1.22402764E-06
  4374.229  2.93591347E-05  1.2003884E-06
  4396.46826  2.90609096E-05  1.17720367E-06
  4418.82031  2.87657185E-05  1.15446505E-06
  4441.28613  2.84734542E-05  1.13214821E-06
  4463.86621  2.81841603E-05  1.11025292E-06
  4486.56104  2.78978096E-05  1.08878123E-06
  4509.37109  2.76142837E-05  1.06771733E-06
  4532.29785  2.73335954E-05  1.04705236E-06
  4555.34033  2.70557775E-05  1.02678894E-06
  4578.50049  2.67807372E-05  1.00691E-06
  4601.77734  2.65084764E-05  9.87409408E-07
  4625.17334  2.62389822E-05  9.68282848E-07
  4648.68896  2.59721965E-05  9.49520427E-07
  4672.32324  2.57080883E-05  9.3110782E-07
  4696.07764  2.54466868E-05  9.13049178E-07
  4719.95312  2.51879301E-05  8.95341884E-07
  4743.94971  2.493174E-05  8.77969853E-07
  4768.06885  2.46781619E-05  8.60932914E-07
  4792.31006  2.44271741E-05  8.44228623E-07
  4816.6748  2.41786365E-05  8.27837539E-07
  4841.16357  2.39326509E-05  8.11763812E-07
  4865.77637  2.36891756E-05  7.96001302E-07
  4890.51465  2.34481504E-05  7.80534606E-07
  4915.37842  2.32095954E-05  7.65366167E-07
  4940.36914  2.29734615E-05  7.50490926E-07
  4965.48633  2.2739694E-05  7.35902063E-07
  4990.73193  2.25082877E-05  7.21591505E-07
  5016.10498  2.22792496E-05  7.07559934E-07
  5041.60742  2.20525071E-05  6.93790355E-07
  5067.23975  2.18280438E-05  6.80277424E-07
  5093.00195  2.16058797E-05  6.6702836E-07
  5118.89551  2.13859621E-05  6.54034864E-07
  5144.92041  2.11682836E-05  6.41292559E-07
  5171.07764  2.09528353E-05  6.28796897E-07
  5197.36816  2.07395678E-05  6.16545435E-07
  5223.79248  2.05284177E-05  6.04528566E-07
  5250.35059  2.03194322E-05  5.92744527E-07
  5277.04443  2.01125677E-05  5.81191443E-07
  5303.87305  1.99078004E-05  5.6985175E-07
  5330.83887  1.97051286E-05  5.58732836E-07
  5357.94092  1.9504525E-05  5.47830211E-07
  5385.18213  1.93059386E-05  5.371366E-07
  5412.56055  1.91093968E-05  5.26650865E-07
  5440.07861  1.89148559E-05  5.16368743E-07
  5467.73682  1.87222668E-05  5.06282447E-07
  5495.53516  1.85316385E-05  4.96388736E-07
  5523.4751  1.83429565E-05  4.86688975E-07
  5551.55762  1.81561791E-05  4.77174979E-07
  5579.78223  1.79713115E-05  4.67843392E-07
  5608.15039  1.77883321E-05  4.58695069E-07
  5636.66309  1.76072044E-05  4.49723302E-07
  5665.32031  1.7427903E-05  4.4092414E-07
  5694.12354  1.72504315E-05  4.32295678E-07
  5723.07324  1.70747717E-05  4.23836354E-07
  5752.16992  1.69008999E-05  4.15537926E-07
  5781.41455  1.67288144E-05  4.07401302E-07
  5810.80811  1.6558477E-05  3.99424778E-07
  5840.35107  1.63898421E-05  3.91600565E-07
  5870.04395  1.62229408E-05  3.83929461E-07
  5899.88818  1.60577365E-05  3.76408082E-07
  5929.8833  1.58942203E-05  3.69029323E-07
  5960.03223  1.57323702E-05  3.6179236E-07
  5990.3335  1.55721737E-05  3.54697391E-07
  6020.78906  1.5413596E-05  3.47739473E-07
  6051.39941  1.52566427E-05  3.40916017E-07
  6082.16504  1.51012946E-05  3.34227252E-07
  6113.08789  1.49475245E-05  3.27668232E-07
  6144.16748  1.47953251E-05  3.21236286E-07
  6175.40479  1.46446828E-05  3.1493073E-07
  6206.80176  1.44955657E-05  3.08747587E-07
  6238.35742  1.43479656E-05  3.02684811E-07
  6270.07422  1.42018707E-05  2.96740495E-07
  6301.95215  1.40572665E-05  2.9091359E-07
  6333.99219  1.39141466E-05  2.85200173E-07
  6366.19482  1.37724755E-05  2.79591916E-07
  6398.56152  1.36322278E-05  2.74088848E-07
  6431.09229  1.34934126E-05  2.68693782E-07
  6463.78857  1.33560288E-05  2.63409845E-07
  6496.65186  1.32200421E-05  2.58229647E-07
  6529.68115  1.30854432E-05  2.53152024E-07
  6562.87842  1.29522232E-05  2.48170807E-07
  6596.24512  1.28203592E-05  2.43287104E-07
  6629.78125  1.26898385E-05  2.38500093E-07
  6663.48779  1.25606539E-05  2.33803746E-07
  6697.36572  1.24327853E-05  2.29198591E-07
  6731.41602  1.230622E-05  2.24683959E-07
  6765.63916  1.21809489E-05  2.20257718E-07
  6800.03711  1.20569539E-05  2.15917197E-07
  6834.60889  1.19342258E-05  2.1166241E-07
  6869.35693  1.18127455E-05  2.0749134E-07
  6904.28174  1.16924975E-05  2.03400987E-07
  6939.3833  1.15734774E-05  1.99391849E-07
  6974.66406  1.14556706E-05  1.95460913E-07
  7010.12402  1.13390761E-05  1.91604826E-07
  7045.76514  1.12236667E-05  1.87825279E-07
  7081.58643  1.11094359E-05  1.84120069E-07
  7117.58984  1.09963648E-05  1.80486367E-07
  7153.77686  1.08844433E-05  1.76924161E-07
  7190.14746  1.07736605E-05  1.73432397E-07
  7226.70264  1.06640227E-05  1.70008477E-07
  7263.44385  1.05555009E-05  1.66651731E-07
  7300.37207  1.04480841E-05  1.63361676E-07
  7337.48828  1.03417588E-05  1.60134618E-07
  7374.79297  1.02365157E-05  1.56970842E-07
  7412.28711  1.01323421E-05  1.53869408E-07
  7449.97217  1.00292382E-05  1.50828427E-07
  7487.84863  9.92719379E-06  1.47847132E-07
  7525.91797  9.82618531E-06  1.44924613E-07
  7564.18018  9.72620819E-06  1.42059903E-07
  7602.6377  9.62724971E-06  1.39250943E-07
  7641.29053  9.52929895E-06  1.36497889E-07
  7680.13965  9.43234772E-06  1.33798693E-07
  7719.18652  9.33639785E-06  1.31151069E-07
  7758.43213  9.24142387E-06  1.28556209E-07
  7797.87646  9.1474185E-06  1.26012566E-07
  7837.52197  9.05436082E-06  1.23518504E-07
  7877.36914  8.96224992E-06  1.21073697E-07
  7917.41797  8.87107853E-06  1.18677661E-07
  7957.67139  8.78084666E-06  1.16327797E-07
  7998.12891  8.6915361E-06  1.14024417E-07
  8038.79248  8.6031323E-06  1.11766767E-07
  8079.66211  8.51563982E-06  1.09552708E-07
  8120.74072  8.42903773E-06  1.07382384E-07
  8162.02734  8.34331877E-06  1.05254983E-07
  8203.52441  8.25846928E-06  1.03169263E-07
  8245.23145  8.17448108E-06  1.01124677E-07
  8287.15137  8.0913469E-06  9.91205127E-08
  8329.28516  8.009064E-06  9.71558265E-08
  8371.63184  7.92763421E-06  9.52291686E-08
  8414.19434  7.84703116E-06  9.33409865E-08
  8456.97168  7.76725028E-06  9.14900511E-08
  8499.96875  7.6882734E-06  8.96752468E-08
  8543.18359  7.61010142E-06  8.78967157E-08
  8586.61816  7.53272479E-06  8.61533991E-08
  8630.27344  7.4561458E-06  8.44437125E-08
  8674.15137  7.38034578E-06  8.27679258E-08
  8718.25098  7.30531747E-06  8.11256555E-08
  8762.57617  7.2310595E-06  7.95150896E-08
  8807.12598  7.1575605E-06  7.79364981E-08
  8851.90234  7.08480775E-06  7.63895116E-08
  8896.90723  7.01279487E-06  7.48727942E-08
  8942.13965  6.94151777E-06  7.33863104E-08
  8987.60254  6.87096326E-06  7.19292927E-08
  9033.29688  6.80112908E-06  7.05006329E-08
  9079.22266  6.73200793E-06  6.90999968E-08
  9125.38281  6.66358801E-06  6.77271572E-08
  9171.77637  6.59586931E-06  6.63816451E-08
  9218.40723  6.52884273E-06  6.50625367E-08
  9265.27539  6.46249646E-06  6.37698534E-08
  9312.38086  6.39682685E-06  6.25027354E-08
  9359.72559  6.33182799E-06  6.12604438E-08
  9407.3125  6.26748761E-06  6.00430354E-08
  9455.13965  6.20380342E-06  5.88497997E-08
  9503.21094  6.14077499E-06  5.76795429E-08
  9551.52637  6.07838774E-06  5.65325529E-08
  9600.08691  6.01663442E-06  5.54085986E-08
  9648.89551  5.95551501E-06  5.4306458E-08
  9697.95117  5.89501815E-06  5.3226298E-08
  9747.25684  5.83513565E-06  5.21678167E-08
  9796.81348  5.77586343E-06  5.11300051E-08
  9846.62109  5.71719511E-06  5.01129058E-08
  9896.68262  5.65912251E-06  4.91160534E-08
  9946.99902  5.60164381E-06  4.81388014E-08
  9997.57129  5.54475218E-06  4.71809685E-08
  10048.3994  5.48843946E-06  4.6242036E-08
  10099.4863  5.43270016E-06  4.53216984E-08
  10150.834  5.37752749E-06  4.44192878E-08
  10202.4414  5.32291642E-06  4.35350351E-08
  10254.3125  5.2688606E-06  4.26682973E-08
  10306.4463  5.21536049E-06  4.18186588E-08
  10358.8457  5.16240334E-06  4.09861087E-08
  10411.5117  5.10998325E-06  4.01701037E-08
  10464.4443  5.05809885E-06  3.93699189E-08
  10517.6465  5.00674059E-06  3.85856929E-08
  10571.1201  4.95590348E-06  3.7817248E-08
  10624.8643  4.90559478E-06  3.70638844E-08
  10678.8828  4.85579812E-06  3.63255914E-08
  10733.1748  4.8065076E-06  3.56021701E-08
  10787.7441  4.75771321E-06  3.48927571E-08
  10842.5898  4.70941359E-06  3.41974946E-08
  10897.7158  4.66160373E-06  3.35161126E-08
  10953.1201  4.61428544E-06  3.28483551E-08
  11008.8076  4.56745011E-06  3.21938423E-08
  11064.7773  4.52109134E-06  3.15524709E-08
  11121.0332  4.47520324E-06  3.09237862E-08
  11177.5732  4.4297858E-06  3.0307362E-08
  11234.4004  4.38482994E-06  2.97033651E-08
  11291.5186  4.34033018E-06  2.91113604E-08
  11348.9258  4.29628744E-06  2.85310442E-08
  11406.625  4.25269081E-06  2.79624377E-08
  11464.6182  4.20953802E-06  2.74051644E-08
  11522.9053  4.16682497E-06  2.68588618E-08
  11581.4883  4.12454619E-06  2.63234856E-08
  11640.3701  4.08269534E-06  2.57989115E-08
  11699.5518  4.04127013E-06  2.52844874E-08
  11759.0332  4.00026511E-06  2.47803751E-08
  11818.8184  3.95967572E-06  2.42864431E-08
  11878.9062  3.9195038E-06  2.38021869E-08
  11939.2998  3.87973978E-06  2.33276527E-08
  12000.001  3.84037912E-06  2.28626131E-08
