 C2H6O Density=0.7893
 Energy(eV), Delta, Beta
  1000.  0.000191304673  2.14923202E-05
  1023.29303  0.000182788121  1.97406407E-05
  1047.12854  0.000174642148  1.81312644E-05
  1071.51929  0.000166835758  1.66401933E-05
  1096.47827  0.000159358853  1.52710327E-05
  1122.01843  0.000152201857  1.40141792E-05
  1148.15369  0.000145353901  1.28612819E-05
  1174.89758  0.000138805088  1.18030957E-05
  1202.2644  0.000132543224  1.08320382E-05
  1230.2688  0.000126558894  9.94080892E-06
  1258.92542  0.000120841083  9.11945244E-06
  1288.24963  0.000115375202  8.36151321E-06
  1318.25671  0.000110148678  7.66513767E-06
  1348.96289  0.000105153711  7.02677698E-06
  1380.38428  0.000100381701  6.4416754E-06
  1412.5376  9.58233577E-05  5.90526179E-06
  1445.43982  9.14702105E-05  5.41353165E-06
  1479.1084  8.73140161E-05  4.96208349E-06
  1513.56128  8.33455197E-05  4.54595829E-06
  1548.81665  7.95541418E-05  4.16340617E-06
  1584.89319  7.59334289E-05  3.81302789E-06
  1621.81006  7.2476374E-05  3.49207608E-06
  1659.58691  6.9175745E-05  3.19816763E-06
  1698.24377  6.6025088E-05  2.92897403E-06
  1737.80078  6.30181676E-05  2.68205258E-06
  1778.27942  6.01477295E-05  2.4549006E-06
  1819.70081  5.74071346E-05  2.24659789E-06
  1862.08716  5.47909949E-05  2.05595256E-06
  1905.46069  5.22939117E-05  1.88149852E-06
  1949.8446  4.99106245E-05  1.72185582E-06
  1995.26233  4.76360365E-05  1.57579927E-06
  2041.73804  4.54656692E-05  1.44241301E-06
  2089.29614  4.33944515E-05  1.3195413E-06
  2137.96216  4.14175738E-05  1.20700815E-06
  2187.76172  3.95308598E-05  1.10398287E-06
  2238.72119  3.77302567E-05  1.00964439E-06
  2290.86792  3.6011872E-05  9.2328321E-07
  2344.229  3.43719912E-05  8.44230897E-07
  2398.83301  3.28069655E-05  7.71860527E-07
  2454.70898  3.13134769E-05  7.05635728E-07
  2511.88672  2.98881514E-05  6.45023931E-07
  2570.396  2.85279257E-05  5.89561637E-07
  2630.26807  2.72299058E-05  5.38806773E-07
  2691.53491  2.59911194E-05  4.92374056E-07
  2754.22876  2.48089236E-05  4.49888148E-07
  2818.38306  2.36807391E-05  4.1103408E-07
  2884.03149  2.26040047E-05  3.75481704E-07
  2951.20923  2.15764921E-05  3.42963517E-07
  3019.9519  2.05958277E-05  3.13230913E-07
  3090.29565  1.96599594E-05  2.86031479E-07
  3162.27759  1.87668011E-05  2.61160295E-07
  3235.93652  1.79143735E-05  2.38419716E-07
  3311.31128  1.71007978E-05  2.17628283E-07
  3388.44189  1.63243385E-05  1.9862695E-07
  3467.36865  1.55832913E-05  1.81253668E-07
  3548.13403  1.48760018E-05  1.65374942E-07
  3630.78076  1.4200984E-05  1.50857616E-07
  3715.35254  1.35566906E-05  1.37592011E-07
  3801.89429  1.29417413E-05  1.25473747E-07
  3890.45166  1.23547898E-05  1.14399583E-07
  3981.07202  1.1794561E-05  1.04285327E-07
  4073.80298  1.12598345E-05  9.50528545E-08
  4168.69385  1.07494316E-05  8.66244889E-08
  4265.79541  1.02622307E-05  7.89376173E-08
  4365.15869  9.79720789E-06  7.19276656E-08
  4466.83594  9.35334083E-06  6.55352821E-08
  4570.88232  8.92965181E-06  5.97066645E-08
  4677.35156  8.52522589E-06  5.43922098E-08
  4786.30127  8.13918268E-06  4.95474595E-08
  4897.78857  7.77066452E-06  4.51316247E-08
  5011.87256  7.41890744E-06  4.11063539E-08
  5128.61377  7.08312064E-06  3.74371432E-08
  5248.0752  6.76259333E-06  3.4093798E-08
  5370.31836  6.45661112E-06  3.10467563E-08
  5495.40918  6.16451825E-06  2.82699997E-08
  5623.41357  5.88568673E-06  2.57409383E-08
  5754.3999  5.61950083E-06  2.3437071E-08
  5888.43701  5.36539437E-06  2.13376872E-08
  6025.59619  5.12280712E-06  1.94256611E-08
  6165.9502  4.89122885E-06  1.76842097E-08
  6309.57373  4.67014388E-06  1.60980171E-08
  6456.54248  4.45908063E-06  1.46537005E-08
  6606.93506  4.25758071E-06  1.33383704E-08
  6760.83057  4.06521258E-06  1.21410393E-08
  6918.31006  3.88155877E-06  1.10510987E-08
  7079.45801  3.70622183E-06  1.00588817E-08
  7244.35986  3.53882456E-06  9.15559184E-09
  7413.10303  3.37900588E-06  8.33379143E-09
  7585.77637  3.22642245E-06  7.58556595E-09
  7762.47168  3.08074664E-06  6.90482027E-09
  7943.2832  2.9416608E-06  6.28540553E-09
  8128.30566  2.80886843E-06  5.72172087E-09
  8317.63867  2.68208214E-06  5.20868237E-09
  8511.38086  2.56103158E-06  4.741878E-09
  8709.63672  2.44545458E-06  4.31733183E-09
  8912.50977  2.33510355E-06  3.93111499E-09
  9120.1084  2.22974154E-06  3.5798744E-09
  9332.54297  2.12914165E-06  3.26042371E-09
  9549.92676  2.03308809E-06  2.96993785E-09
  9772.37305  1.94137647E-06  2.70575717E-09
  10000.001  1.85380804E-06  2.46556486E-09
