Au Density=19.32
Energy(eV), Delta, Beta
 30.  0.153792322  0.549643338
 31.7943592  0.221509099  0.518084466
 33.6960373  0.232912794  0.446591854
 35.7114601  0.230703801  0.393014908
 37.8474312  0.218643084  0.349509478
 40.1111603  0.207787335  0.315443844
 42.5102806  0.198572576  0.286867827
 45.0529022  0.19365558  0.258588701
 47.7476006  0.18393594  0.227822363
 50.6034737  0.166736573  0.201591656
 53.6301651  0.152670458  0.186538845
 56.8378868  0.142628863  0.177265748
 60.2374725  0.143081799  0.167419523
 63.8403854  0.147931382  0.150140196
 67.6587982  0.144482866  0.124576211
 71.7056046  0.132654876  0.104729384
 75.9944458  0.122361556  0.0914781988
 80.5398178  0.114574216  0.0785205141
 85.3570633  0.107929848  0.071080938
 90.4624252  0.103392646  0.0554965101
 95.8731613  0.0933233947  0.0419811606
 101.607513  0.0827972367  0.0328528211
 107.684845  0.0726169199  0.0252245963
 114.125687  0.0630150214  0.0200852752
 120.951752  0.0546129756  0.0161482822
 128.186096  0.0473319553  0.0129948715
 135.853149  0.0400647596  0.0101910532
 143.97879  0.0336040109  0.00867724977
 152.590439  0.0279463436  0.00793070253
 161.717163  0.0229712129  0.00758456625
 171.389786  0.0186976511  0.00767041417
 181.64093  0.0152649963  0.00831086561
 192.505203  0.0126281939  0.0090210475
 204.019302  0.0106942896  0.0097559588
 216.222076  0.00944986753  0.0103794392
 229.154739  0.00852657482  0.0106301345
 242.860901  0.0078919204  0.0107180411
 257.386902  0.00744391  0.0106583089
 272.781677  0.0071181613  0.0104751103
 289.09726  0.0069126701  0.0100397486
 306.388733  0.00665276544  0.00958902668
 324.714417  0.00645096088  0.00907603279
 344.1362  0.00625092303  0.00856381282
 364.719635  0.00612974446  0.00797145348
 386.53421  0.00592529168  0.00735365925
 409.653564  0.00574722979  0.00674998248
 434.155701  0.00551274978  0.00612229202
 460.123383  0.00526392926  0.00553906523
 487.644257  0.00498584006  0.00498440117
 516.811157  0.00470142486  0.00448394008
 547.722595  0.00441947998  0.00402837014
 580.482971  0.00415028166  0.00361554511
 615.202759  0.00389155  0.00323952199
 651.999146  0.00366109889  0.00289942231
 690.99646  0.00343695818  0.00254932651
 732.326233  0.00319600734  0.00223830272
 776.128052  0.00296524283  0.00196779496
 822.549744  0.00275455764  0.00172176189
 871.748047  0.00255289557  0.00149948301
 923.888916  0.00236277864  0.00128504017
 979.148499  0.0021736843  0.00109459227
 1037.71313  0.00199385593  0.000925683009
 1099.78076  0.00181648822  0.000764626253
 1165.56067  0.00163827382  0.000630459283
 1235.27515  0.00146747904  0.00052065216
 1309.15918  0.00131328905  0.000435516355
 1387.46252  0.00117366551  0.000359689671
 1470.44946  0.00104413216  0.000298945932
 1558.39966  0.000928045483  0.000241604968
 1651.61047  0.000816716987  0.000198520298
 1750.39648  0.000714460446  0.000162661483
 1855.09106  0.000621515734  0.000135647977
 1966.04761  0.000535775966  0.00011206216
 2083.64038  0.000449050829  9.21727478E-05
 2208.26709  0.000328593771  8.17819891E-05
 2340.34766  0.000276201987  0.00021062298
 2480.32837  0.000321113504  0.00019901777
 2628.6814  0.00031050801  0.000170645377
 2785.90771  0.000288583076  0.000166581012
 2952.53809  0.000282237335  0.000141789278
 3129.13525  0.00026107009  0.00011845171
 3316.29443  0.000243723553  0.000103456528
 3514.64868  0.000225031836  8.80176012E-05
 3724.86621  0.000206295546  7.20444223E-05
 3947.65771  0.00018748919  5.91561511E-05
 4183.77441  0.000169548875  4.83330841E-05
 4434.01367  0.000152306515  3.96616088E-05
 4699.2207  0.00013672639  3.24393222E-05
 4980.28955  0.000122361293  2.6576301E-05
 5278.17041  0.00010943778  2.1954731E-05
 5593.86816  9.78637254E-05  1.78795726E-05
 5928.44775  8.73538156E-05  1.45711738E-05
 6283.03955  7.78720641E-05  1.18759144E-05
 6658.83984  6.93270631E-05  9.63604634E-06
 7057.11768  6.16579491E-05  7.81310246E-06
 7479.21729  5.47883901E-05  6.33146738E-06
 7926.56348  4.86441968E-05  5.12885845E-06
 8400.66602  4.31521512E-05  4.15398563E-06
 8903.12598  3.82435501E-05  3.36426251E-06
 9435.6377  3.38527425E-05  2.72527109E-06
 10000.002  2.99120802E-05  2.2081822E-06
