 Ta Density=16.69
 Energy(eV), Delta, Beta
  1000.  0.00173142564  0.000622594729
  1023.29303  0.00165701972  0.000581525848
  1047.12854  0.00158491486  0.000542661583
  1071.51929  0.00151472993  0.000506154553
  1096.47827  0.00144667306  0.000472079351
  1122.01843  0.00138076232  0.000440288975
  1148.15369  0.00131697266  0.000410631998
  1174.89758  0.00125533971  0.000382965984
  1202.2644  0.00119568035  0.000357143173
  1230.2688  0.00113813346  0.000333064061
  1258.92542  0.00108246657  0.000310362753
  1288.24963  0.0010284686  0.000288919429
  1318.25671  0.000975779549  0.00026884512
  1348.96289  0.000924425956  0.000250162004
  1380.38428  0.000874360325  0.000232769613
  1412.5376  0.000825252151  0.000216585715
  1445.43982  0.000777159177  0.000201514718
  1479.1084  0.000729341002  0.000187469501
  1513.56128  0.000681804318  0.00017433193
  1548.81665  0.000633405754  0.00016206484
  1584.89319  0.000583365152  0.000150657987
  1621.81006  0.000529704907  0.000140050193
  1659.58691  0.00046744186  0.00013018657
  1698.24377  0.000386154512  0.000121015364
  1737.80078  8.04501979E-05  0.000255897146
  1778.27942  0.000242469352  0.000346404879
  1819.70081  0.000333763892  0.000435815833
  1862.08716  0.00040951118  0.000414950657
  1905.46069  0.000437757437  0.000383282313
  1949.8446  0.000448390841  0.000354020216
  1995.26233  0.000450133404  0.000326994603
  2041.73804  0.000445283018  0.000302089495
  2089.29614  0.00043601889  0.000279020984
  2137.96216  0.000420495227  0.00025770822
  2187.76172  0.000346804125  0.000238030247
  2238.72119  0.000401489902  0.000256118365
  2290.86792  0.000399749348  0.000235935484
  2344.229  0.000391893089  0.00021734515
  2398.83301  0.000380425423  0.000200225244
  2454.70898  0.000364060339  0.000184452088
  2511.88672  0.000357138022  0.000181562442
  2570.396  0.000348784204  0.000167417893
  2630.26807  0.000337635312  0.000154377936
  2691.53491  0.0003228063  0.00014235964
  2754.22876  0.000314724981  0.000136990144
  2818.38306  0.000305154768  0.000126846353
  2884.03149  0.000294928468  0.000117416435
  2951.20923  0.000284482609  0.000108652726
  3019.9519  0.000274087884  0.000100516685
  3090.29565  0.000263784226  9.29660237E-05
  3162.27759  0.00025365848  8.59617285E-05
  3235.93652  0.000243736489  7.94669759E-05
  3311.31128  0.00023404487  7.3447256E-05
  3388.44189  0.000224613454  6.78735159E-05
  3467.36865  0.000215440159  6.27083718E-05
  3548.13403  0.000206552271  5.79288317E-05
  3630.78076  0.000197937945  5.35029285E-05
  3715.35254  0.000189613173  4.94090782E-05
  3801.89429  0.000181570285  4.56207381E-05
  3890.45166  0.000173812005  4.21190161E-05
  3981.07202  0.000166337035  3.88807057E-05
  4073.80298  0.000159136645  3.58869584E-05
  4168.69385  0.000152212291  3.31201227E-05
  4265.79541  0.000145550701  3.05629474E-05
  4365.15869  0.000139152835  2.82005749E-05
  4466.83594  0.000133007459  2.60176967E-05
  4570.88232  0.00012710983  2.40019635E-05
  4677.35156  0.000121452518  2.21401733E-05
  4786.30127  0.000116026604  2.04209937E-05
  4897.78857  0.000110826964  1.88336926E-05
  5011.87256  0.000105843261  1.73682292E-05
  5128.61377  0.000101070589  1.60156396E-05
  5248.0752  9.6499316E-05  1.47671617E-05
  5370.31836  9.21235842E-05  1.36150929E-05
  5495.40918  8.79353902E-05  1.25521083E-05
  5623.41357  8.39276836E-05  1.157119E-05
  5754.3999  8.00935741E-05  1.06663156E-05
  5888.43701  7.64252982E-05  9.83161408E-06
  6025.59619  7.29175881E-05  9.06170953E-06
  6165.9502  6.95621566E-05  8.35150877E-06
  6309.57373  6.63541286E-05  7.69677808E-06
  6456.54248  6.32864103E-05  7.09291635E-06
  6606.93506  6.03531444E-05  6.5360814E-06
  6760.83057  5.75487247E-05  6.02271894E-06
  6918.31006  5.48665375E-05  5.5493424E-06
  7079.45801  5.230233E-05  5.11311782E-06
  7244.35986  4.98487825E-05  4.71083513E-06
  7413.10303  4.75024026E-05  4.34014146E-06
  7585.77637  4.52563436E-05  3.99838154E-06
  7762.47168  4.31062945E-05  3.68347082E-06
  7943.2832  4.10464781E-05  3.39318376E-06
  8128.30566  3.90708774E-05  3.12573229E-06
  8317.63867  3.71752794E-05  2.8792831E-06
  8511.38086  3.53499163E-05  2.65208496E-06
  8709.63672  3.35909826E-05  2.44274293E-06
  8912.50977  3.18829516E-05  2.24984933E-06
  9120.1084  3.02152912E-05  2.0721302E-06
  9332.54297  2.8553879E-05  1.90839864E-06
  9549.92676  2.68235599E-05  1.75750745E-06
  9772.37305  2.41469388E-05  1.6185179E-06
  10000.001  2.34863128E-05  3.90443665E-06
